11035 1
11036 1
11037 1
11072 1
11075 1
11081 1
11087 1
11097 1
11117 1
11122 1
11128 1
11129 1
11131 1
11144 1
11178 1
11184 1
11207 1
11208 1
11252 1
11257 1
11297 1
11306 1
11310 1
11346 1
11372 1
11457 1
11497 1
11533 1
11539 1
11627 1
11630 1
11669 1
11702 1
11707 1
11708 1
11753 1
11781 1
11844 1
11941 1
11959 1
11961 1
11962 1
11963 1
12048 1
12122 1
12123 1
12176 1
12210 1
12236 1
127010 1
127078 1
128009 1
128113 1
128143 1
128144 1
128145 1
129351 1
130406 1
131782 1
131896 1
131938 1
131985 1
132012 1
132159 1
133604 1
134418 1
134419 1
135066 1
135297 1
135438 1
136159 1
137198 1
138241 1
138289 1
138342 1
138360 1
138521 1
139117 1
139603 1
140089 1
140151 1
140885 1
140943 1
142119 1
142147 1
142163 1
142478 1
142885 1
142944 1
143623 1
143654 1
144520 1
145362 1
146210 1
146621 1
146703 1
146753 1
146932 1
146990 1
146991 1
147307 1
147308 1
147346 1
147399 1
147463 1
147573 1
147631 1
147644 1
147684 1
148158 1
148459 1
148488 1
148958 1
149445 1
149631 1
149648 1
149666 1
150249 1
150540 1
150582 1
151060 1
151622 1
151628 1
152280 1
152777 1
152808 1
152837 1
153320 1
153516 1
153615 1
153644 1
153687 1
153779 1
153780 1
153793 1
153837 1
153887 1
154138 1
154532 1
154693 1
155276 1
155308 1
155448 1
155449 1
155515 1
155951 1
156041 1
156493 1
156645 1
157019 1
157375 1
157406 1
157447 1
157924 1
158578 1
158610 1
159264 1
159992 1
160879 1
160999 1
161430 1
162197 1
162877 1
163643 1
163744 1
164517 1
164556 1
165354 1
166192 1
166199 1
166263 1
166969 1
167031 1
167041 1
167071 1
167850 1
168556 1
168582 1
169252 1
169384 1
170175 1
170251 1
171023 1
171059 1
171068 1
171092 1
171140 1
171787 1
171915 1
172907 1
172946 1
172954 1
174038 1
174100 1
174195 1
174236 1
175015 1
175073 1
175378 1
175408 1
175462 1
175477 1
175586 1
176564 1
176585 1
176589 1
176590 1
176609 1
176638 1
177839 1
177946 1
178157 1
179074 1
179130 1
179925 1
179929 1
179943 1
180654 1
180670 1
180739 1
181194 1
181286 1
181610 1
182042 1
183008 1
183064 1
183900 1
184009 1
184018 1
184053 1
184075 1
184786 1
184834 1
185459 1
185517 1
185536 1
186060 1
186893 1
187556 1
188459 1
189194 1
189955 1
190059 1
190844 1
190947 1
191356 1
191405 1
191453 1
192173 1
192760 1
192871 1
193460 1
194379 1
195300 1
195363 1
195396 1
195875 1
196356 1
196433 1
197402 1
197495 1
198412 1
198432 1
198543 1
198615 1
199407 1
199454 1
200404 1
200541 1
201078 1
202202 1
202313 1
203424 1
204337 1
205020 1
205702 1
205730 1
206422 1
206433 1
206441 1
207317 1
207390 1
208364 1
209612 1
209717 1
210001 1
210382 1
210806 1
212170 1
213153 1
214065 1
214936 1
215730 1
216541 1
216549 1
217403 1
217555 1
217566 1
217593 1
217863 1
218367 1
219160 1
219342 1
219527 1
220408 1
220523 1
221331 1
221555 1
221666 1
222168 1
222169 1
223336 1
223415 1
223626 1
223642 1
224611 1
224669 1
225009 1
226100 1
226158 1
226170 1
227234 1
228503 1
228616 1
229404 1
229685 1
230646 1
232111 1
233134 1
233164 1
233963 1
234446 1
234929 1
235504 1
235505 1
235585 1
235586 1
235766 1
235798 1
235912 1
236227 1
236993 1
237018 1
237101 1
237989 1
238716 1
238872 1
238983 1
239072 1
239237 1
239238 1
239886 1
239890 1
239899 1
240410 1
240484 1
241187 1
241322 1
241328 1
241769 1
242118 1
242155 1
243103 1
243183 1
243909 1
244684 1
245399 1
245443 1
246302 1
246303 1
247016 1
247546 1
248148 1
248315 1
249079 1
249851 1
250503 1
250575 1
251077 1
251133 1
251145 1
251188 1
251862 1
251950 1
252575 1
252616 1
252627 1
252786 1
253022 1
253318 1
253362 1
254005 1
254725 1
255784 1
257015 1
257117 1
258052 1
258859 1
259395 1
259499 1
260322 1
260386 1
260962 1
261007 1
261012 1
261718 1
261766 1
262240 1
262980 1
263601 1
263652 1
264089 1
264090 1
264692 1
265539 1
266245 1
266279 1
266359 1
266447 1
267086 1
267383 1
267855 1
268091 1
268092 1
268255 1
268839 1
269433 1
269580 1
270555 1
270738 1
271395 1
272561 1
273436 1
273962 1
274319 1
275154 1
275260 1
276322 1
276831 1
276876 1
276888 1
276905 1
277483 1
278397 1
278538 1
278922 1
279183 1
279239 1
279912 1
279976 1
280631 1
281243 1
281877 1
282539 1
283186 1
283295 1
283317 1
283658 1
283913 1
283969 1
284800 1
285396 1
286064 1
286480 1
286552 1
287215 1
287974 1
288881 1
289467 1
289671 1
290406 1
290554 1
291219 1
292004 1
292865 1
293704 1
294599 1
295567 1
295685 1
296350 1
296371 1
297422 1
298147 1
298240 1
298254 1
298841 1
298862 1
298892 1
299543 1
300362 1
302033 1
302306 1
302943 1
303728 1
303751 1
303952 1
304005 1
304081 1
304821 1
304863 1
305049 1
305369 1
305691 1
306423 1
306452 1
307027 1
307890 1
307970 1
308084 1
308786 1
308930 1
309006 1
309431 1
309674 1
309759 1
310612 1
310757 1
312061 1
313427 1
313453 1
313493 1
314749 1
315712 1
316377 1
316447 1
316503 1
317083 1
317872 1
318630 1
318662 1
319412 1
319415 1
319451 1
319555 1
319574 1
319576 1
319642 1
320190 1
320279 1
320294 1
320622 1
320689 1
321371 1
321389 1
321740 1
322513 1
323105 1
323126 1
323832 1
324324 1
324364 1
324408 1
324977 1
325749 1
326433 1
326528 1
327126 1
327213 1
327731 1
328192 1
328850 1
329385 1
329401 1
330059 1
330183 1
330242 1
330927 1
331614 1
332416 1
333651 1
334663 1
335424 1
336041 1
336712 1
337289 1
337877 1
338500 1
339173 1
339368 1
339427 1
340022 1
340621 1
341076 1
341334 1
341560 1
341957 1
341993 1
342425 1
342891 1
343312 1
343808 1
344336 1
344785 1
344887 1
345339 1
346143 1
346370 1
346847 1
347643 1
348202 1
349007 1
349200 1
349843 1
350416 1
350764 1
350979 1
351485 1
351895 1
352212 1
352535 1
352985 1
353342 1
353673 1
354084 1
354122 1
354444 1
354617 1
354722 1
354932 1
355287 1
355581 1
355602 1
355949 1
356023 1
356480 1
356508 1
356530 1
357055 1
357570 1
357876 1
357911 1
357991 1
358325 1
358712 1
359145 1
359479 1
359968 1
360389 1
360427 1
360729 1
361053 1
361277 1
361353 1
361663 1
362176 1
362512 1
362824 1
363013 1
363036 1
363433 1
363882 1
364239 1
364471 1
364566 1
364781 1
364794 1
364857 1
365128 1
365304 1
365443 1
365508 1
365513 1
365795 1
366063 1
366098 1
366328 1
366541 1
366681 1
366837 1
367025 1
367254 1
367267 1
367461 1
367665 1
367822 1
368118 1
368379 1
368402 1
368407 1
368651 1
368663 1
368907 1
369115 1
369286 1
369711 1
369754 1
369983 1
370155 1
370316 1
370468 1
370487 1
370557 1
370594 1
370814 1
370827 1
370837 1
370849 1
370867 1
370883 1
370888 1
370894 1
370940 1
371166 1
371248 1
371499 1
371590 1
371754 1
372016 1
372023 1
372039 1
372050 1
372051 1
372060 1
372071 1
372076 1
372087 1
372114 1
372317 1
372704 1
372746 1
372868 1
372935 1
372992 1
373230 1
373244 1
373253 1
373264 1
373494 1
373519 1
373528 1
373745 1
373766 1
374157 1
374194 1
374330 1
374351 1
374541 1
374762 1
374810 1
374915 1
375037 1
375064 1
375069 1
375104 1
375263 1
375413 1
375551 1
